1,2,26.02
2,1,26.02
1,3,22.91
3,1,22.91
1,4,21.16
4,1,21.16
1,5,21.52
5,1,21.52
1,6,19.26
6,1,19.26
1,7,15.55
7,1,15.55
1,8,18.54
8,1,18.54
1,9,12.42
9,1,12.42
1,10,12.40
10,1,12.40
1,11,14.74
11,1,14.74
1,12,13.29
12,1,13.29
1,13,16.82
13,1,16.82
1,14,14.46
14,1,14.46
1,15,15.23
15,1,15.23
1,16,16.31
16,1,16.31
1,17,14.52
17,1,14.52
1,18,17.73
18,1,17.73
1,19,17.89
19,1,17.89
1,20,21.04
20,1,21.04
1,21,18.88
21,1,18.88
1,22,17.50
22,1,17.50
1,23,18.57
23,1,18.57
1,24,19.04
24,1,19.04
1,25,22.72
25,1,22.72
1,26,15.66
26,1,15.66
1,27,15.79
27,1,15.79
1,28,17.27
28,1,17.27
1,29,12.38
29,1,12.38
1,30,12.19
30,1,12.19
1,31,12.04
31,1,12.04
1,32,13.30
32,1,13.30
1,33,14.72
33,1,14.72
1,34,14.89
34,1,14.89
1,35,10.92
35,1,10.92
1,36,10.87
36,1,10.87
1,37,10.94
37,1,10.94
1,38,8.34
38,1,8.34
1,39,9.69
39,1,9.69
1,40,9.73
40,1,9.73
1,41,7.31
41,1,7.31
1,42,8.52
42,1,8.52
1,43,8.29
43,1,8.29
1,44,5.78
44,1,5.78
1,45,5.83
45,1,5.83
1,46,5.30
46,1,5.30
1,47,6.87
47,1,6.87
1,48,9.10
48,1,9.10
1,49,5.58
49,1,5.58
1,50,6.41
50,1,6.41
1,51,7.63
51,1,7.63
1,52,11.61
52,1,11.61
1,53,11.84
53,1,11.84
1,54,9.90
54,1,9.90
1,55,4.63
55,1,4.63
1,56,4.61
56,1,4.61
1,57,1.96
57,1,1.96
1,58,2.29
58,1,2.29
1,59,2.54
59,1,2.54
1,60,13.78
60,1,13.78
1,61,9.99
61,1,9.99
1,62,2.42
62,1,2.42
1,63,5.39
63,1,5.39
1,64,4.06
64,1,4.06
1,65,4.29
65,1,4.29
1,66,11.88
66,1,11.88
1,67,14.02
67,1,14.02
1,68,15.11
68,1,15.11
1,69,15.65
69,1,15.65
1,70,17.89
70,1,17.89
1,71,17.85
71,1,17.85
1,72,23.93
72,1,23.93
1,73,24.25
73,1,24.25
1,74,33.03
74,1,33.03
1,75,26.46
75,1,26.46
1,76,29.92
76,1,29.92
1,77,35.50
77,1,35.50
1,78,21.77
78,1,21.77
1,79,22.99
79,1,22.99
1,80,17.59
80,1,17.59
1,81,21.87
81,1,21.87
2,3,5.80
3,2,5.80
2,4,8.31
4,2,8.31
2,5,8.21
5,2,8.21
2,6,7.74
6,2,7.74
2,7,11.23
7,2,11.23
2,8,10.66
8,2,10.66
2,9,15.03
9,2,15.03
2,10,14.88
10,2,14.88
2,11,13.08
11,2,13.08
2,12,14.23
12,2,14.23
2,13,10.41
13,2,10.41
2,14,11.91
14,2,11.91
2,15,12.95
15,2,12.95
2,16,9.64
16,2,9.64
2,17,11.39
17,2,11.39
2,18,9.11
18,2,9.11
2,19,8.37
19,2,8.37
2,20,8.83
20,2,8.83
2,21,15.11
21,2,15.11
2,22,13.18
22,2,13.18
2,23,10.42
23,2,10.42
2,24,15.23
24,2,15.23
2,25,13.39
25,2,13.39
2,26,11.79
26,2,11.79
2,27,16.59
27,2,16.59
2,28,17.47
28,2,17.47
2,29,17.64
29,2,17.64
2,30,19.17
30,2,19.17
2,31,18.26
31,2,18.26
2,32,19.89
32,2,19.89
2,33,18.52
33,2,18.52
2,34,16.23
34,2,16.23
2,35,19.21
35,2,19.21
2,36,19.72
36,2,19.72
2,37,19.22
37,2,19.22
2,38,18.36
38,2,18.36
2,39,19.32
39,2,19.32
2,40,17.12
40,2,17.12
2,41,20.46
41,2,20.46
2,42,20.90
42,2,20.90
2,43,20.87
43,2,20.87
2,44,24.00
44,2,24.00
2,45,23.06
45,2,23.06
2,46,20.73
46,2,20.73
2,47,20.90
47,2,20.90
2,48,21.31
48,2,21.31
2,49,20.66
49,2,20.66
2,50,21.39
50,2,21.39
2,51,19.56
51,2,19.56
2,52,17.00
52,2,17.00
2,53,17.23
53,2,17.23
2,54,18.38
54,2,18.38
2,55,21.85
55,2,21.85
2,56,23.64
56,2,23.64
2,57,24.38
57,2,24.38
2,58,29.49
58,2,29.49
2,59,25.39
59,2,25.39
2,60,42.71
60,2,42.71
2,61,33.55
61,2,33.55
2,62,36.22
62,2,36.22
2,63,33.77
63,2,33.77
2,64,30.39
64,2,30.39
2,65,34.61
65,2,34.61
2,66,22.80
66,2,22.80
2,67,21.59
67,2,21.59
2,68,26.00
68,2,26.00
2,69,20.48
69,2,20.48
2,70,27.43
70,2,27.43
2,71,18.39
71,2,18.39
2,72,11.53
72,2,11.53
2,73,11.21
73,2,11.21
2,74,14.10
74,2,14.10
2,75,15.28
75,2,15.28
2,76,17.25
76,2,17.25
2,77,27.55
77,2,27.55
2,78,22.00
78,2,22.00
2,79,23.52
79,2,23.52
2,80,23.31
80,2,23.31
2,81,22.88
81,2,22.88
3,4,3.22
4,3,3.22
3,5,7.48
5,3,7.48
3,6,9.26
6,3,9.26
3,7,10.48
7,3,10.48
3,8,10.53
8,3,10.53
3,9,11.42
9,3,11.42
3,10,11.27
10,3,11.27
3,11,9.73
11,3,9.73
3,12,11.06
12,3,11.06
3,13,7.67
13,3,7.67
3,14,12.88
14,3,12.88
3,15,8.75
15,3,8.75
3,16,8.25
16,3,8.25
3,17,9.09
17,3,9.09
3,18,8.97
18,3,8.97
3,19,7.38
19,3,7.38
3,20,3.83
20,3,3.83
3,21,7.90
21,3,7.90
3,22,6.22
22,3,6.22
3,23,6.60
23,3,6.60
3,24,9.05
24,3,9.05
3,25,8.08
25,3,8.08
3,26,9.05
26,3,9.05
3,27,11.55
27,3,11.55
3,28,17.08
28,3,17.08
3,29,15.82
29,3,15.82
3,30,15.41
30,3,15.41
3,31,13.52
31,3,13.52
3,32,15.48
32,3,15.48
3,33,17.11
33,3,17.11
3,34,12.41
34,3,12.41
3,35,18.68
35,3,18.68
3,36,18.45
36,3,18.45
3,37,18.69
37,3,18.69
3,38,18.29
38,3,18.29
3,39,15.79
39,3,15.79
3,40,15.65
40,3,15.65
3,41,21.39
41,3,21.39
3,42,19.66
42,3,19.66
3,43,16.75
43,3,16.75
3,44,19.95
44,3,19.95
3,45,19.25
45,3,19.25
3,46,19.33
46,3,19.33
3,47,20.94
47,3,20.94
3,48,20.26
48,3,20.26
3,49,20.19
49,3,20.19
3,50,21.44
50,3,21.44
3,51,19.60
51,3,19.60
3,52,20.00
52,3,20.00
3,53,19.11
53,3,19.11
3,54,21.62
54,3,21.62
3,55,23.60
55,3,23.60
3,56,23.75
56,3,23.75
3,57,25.91
57,3,25.91
3,58,26.23
58,3,26.23
3,59,23.44
59,3,23.44
3,60,35.76
60,3,35.76
3,61,28.74
61,3,28.74
3,62,27.28
62,3,27.28
3,63,23.43
63,3,23.43
3,64,26.50
64,3,26.50
3,65,24.23
65,3,24.23
3,66,16.12
66,3,16.12
3,67,14.65
67,3,14.65
3,68,17.74
68,3,17.74
3,69,16.66
69,3,16.66
3,70,23.61
70,3,23.61
3,71,14.58
71,3,14.58
3,72,6.39
72,3,6.39
3,73,6.07
73,3,6.07
3,74,10.40
74,3,10.40
3,75,8.99
75,3,8.99
3,76,15.65
76,3,15.65
3,77,24.71
77,3,24.71
3,78,16.69
78,3,16.69
3,79,18.42
79,3,18.42
3,80,18.29
80,3,18.29
3,81,17.77
81,3,17.77
4,5,3.10
5,4,3.10
4,6,4.88
6,4,4.88
4,7,9.09
7,4,9.09
4,8,9.14
8,4,9.14
4,9,13.73
9,4,13.73
4,10,13.59
10,4,13.59
4,11,11.78
11,4,11.78
4,12,13.37
12,4,13.37
4,13,9.70
13,4,9.70
4,14,11.87
14,4,11.87
4,15,10.78
15,4,10.78
4,16,6.86
16,4,6.86
4,17,7.75
17,4,7.75
4,18,7.59
18,4,7.59
4,19,5.99
19,4,5.99
4,20,3.93
20,4,3.93
4,21,8.19
21,4,8.19
4,22,7.96
22,4,7.96
4,23,6.89
23,4,6.89
4,24,8.54
24,4,8.54
4,25,8.12
25,4,8.12
4,26,11.36
26,4,11.36
4,27,11.04
27,4,11.04
4,28,16.58
28,4,16.58
4,29,15.32
29,4,15.32
4,30,14.90
30,4,14.90
4,31,17.60
31,4,17.60
4,32,14.97
32,4,14.97
4,33,16.60
33,4,16.60
4,34,12.44
34,4,12.44
4,35,18.17
35,4,18.17
4,36,17.95
36,4,17.95
4,37,18.19
37,4,18.19
4,38,20.61
38,4,20.61
4,39,18.11
39,4,18.11
4,40,17.97
40,4,17.97
4,41,24.63
41,4,24.63
4,42,19.45
42,4,19.45
4,43,19.07
43,4,19.07
4,44,19.73
44,4,19.73
4,45,19.61
45,4,19.61
4,46,21.64
46,4,21.64
4,47,22.71
47,4,22.71
4,48,22.57
48,4,22.57
4,49,22.50
49,4,22.50
4,50,23.21
50,4,23.21
4,51,21.37
51,4,21.37
4,52,18.66
52,4,18.66
4,53,17.77
53,4,17.77
4,54,20.62
54,4,20.62
4,55,25.91
55,4,25.91
4,56,26.06
56,4,26.06
4,57,27.57
57,4,27.57
4,58,27.89
58,4,27.89
4,59,25.08
59,4,25.08
4,60,35.26
60,4,35.26
4,61,29.03
61,4,29.03
4,62,27.06
62,4,27.06
4,63,22.93
63,4,22.93
4,64,25.99
64,4,25.99
4,65,23.72
65,4,23.72
4,66,15.62
66,4,15.62
4,67,14.94
67,4,14.94
4,68,18.03
68,4,18.03
4,69,16.85
69,4,16.85
4,70,23.80
70,4,23.80
4,71,14.76
71,4,14.76
4,72,8.17
72,4,8.17
4,73,7.86
73,4,7.86
4,74,12.23
74,4,12.23
4,75,10.78
75,4,10.78
4,76,17.44
76,4,17.44
4,77,23.62
77,4,23.62
4,78,16.88
78,4,16.88
4,79,18.60
79,4,18.60
4,80,18.47
80,4,18.47
4,81,17.95
81,4,17.95
5,6,1.95
6,5,1.95
5,7,6.16
7,5,6.16
5,8,6.20
8,5,6.20
5,9,8.36
9,5,8.36
5,10,8.21
10,5,8.21
5,11,6.69
11,5,6.69
5,12,8.00
12,5,8.00
5,13,4.61
13,5,4.61
5,14,7.06
14,5,7.06
5,15,5.69
15,5,5.69
5,16,3.92
16,5,3.92
5,17,5.28
17,5,5.28
5,18,4.65
18,5,4.65
5,19,3.05
19,5,3.05
5,20,3.51
20,5,3.51
5,21,4.96
21,5,4.96
5,22,3.16
22,5,3.16
5,23,5.71
23,5,5.71
5,24,5.21
24,5,5.21
5,25,8.67
25,5,8.67
5,26,5.99
26,5,5.99
5,27,7.74
27,5,7.74
5,28,9.16
28,5,9.16
5,29,9.33
29,5,9.33
5,30,10.33
30,5,10.33
5,31,10.46
31,5,10.46
5,32,10.13
32,5,10.13
5,33,10.75
33,5,10.75
5,34,12.18
34,5,12.18
5,35,11.44
35,5,11.44
5,36,11.95
36,5,11.95
5,37,11.46
37,5,11.46
5,38,15.23
38,5,15.23
5,39,12.73
39,5,12.73
5,40,12.59
40,5,12.59
5,41,18.33
41,5,18.33
5,42,13.38
42,5,13.38
5,43,13.69
43,5,13.69
5,44,15.47
44,5,15.47
5,45,16.19
45,5,16.19
5,46,16.26
46,5,16.26
5,47,17.91
47,5,17.91
5,48,17.19
48,5,17.19
5,49,17.12
49,5,17.12
5,50,18.40
50,5,18.40
5,51,16.57
51,5,16.57
5,52,13.98
52,5,13.98
5,53,12.22
53,5,12.22
5,54,13.37
54,5,13.37
5,55,20.54
55,5,20.54
5,56,20.68
56,5,20.68
5,57,22.84
57,5,22.84
5,58,23.17
58,5,23.17
5,59,20.38
59,5,20.38
5,60,35.47
60,5,35.47
5,61,28.61
61,5,28.61
5,62,20.59
62,5,20.59
5,63,25.93
63,5,25.93
5,64,23.15
64,5,23.15
5,65,26.76
65,5,26.76
5,66,12.79
66,5,12.79
5,67,12.60
67,5,12.60
5,68,15.69
68,5,15.69
5,69,14.51
69,5,14.51
5,70,23.70
70,5,23.70
5,71,14.20
71,5,14.20
5,72,10.06
72,5,10.06
5,73,9.74
73,5,9.74
5,74,15.16
74,5,15.16
5,75,12.66
75,5,12.66
5,76,19.32
76,5,19.32
5,77,23.90
77,5,23.90
5,78,21.26
78,5,21.26
5,79,20.85
79,5,20.85
5,80,20.33
80,5,20.33
5,81,22.33
81,5,22.33
6,7,3.51
7,6,3.51
6,8,2.95
8,6,2.95
6,9,7.17
9,6,7.17
6,10,7.03
10,6,7.03
6,11,5.22
11,6,5.22
6,12,6.38
12,6,6.38
6,13,3.29
13,6,3.29
6,14,4.05
14,6,4.05
6,15,5.09
15,6,5.09
6,16,1.79
16,6,1.79
6,17,3.53
17,6,3.53
6,18,1.39
18,6,1.39
6,19,1.28
19,6,1.28
6,20,5.31
20,6,5.31
6,21,5.76
21,6,5.76
6,22,3.96
22,6,3.96
6,23,6.52
23,6,6.52
6,24,5.57
24,6,5.57
6,25,10.47
25,6,10.47
6,26,5.30
26,6,5.30
6,27,7.06
27,6,7.06
6,28,9.62
28,6,9.62
6,29,9.79
29,6,9.79
6,30,9.64
30,6,9.64
6,31,10.41
31,6,10.41
6,32,10.36
32,6,10.36
6,33,10.66
33,6,10.66
6,34,11.67
34,6,11.67
6,35,11.35
35,6,11.35
6,36,11.86
36,6,11.86
6,37,11.37
37,6,11.37
6,38,10.50
38,6,10.50
6,39,11.46
39,6,11.46
6,40,9.27
40,6,9.27
6,41,12.61
41,6,12.61
6,42,13.05
42,6,13.05
6,43,13.01
43,6,13.01
6,44,16.15
44,6,16.15
6,45,15.20
45,6,15.20
6,46,12.87
46,6,12.87
6,47,13.25
47,6,13.25
6,48,13.59
48,6,13.59
6,49,12.95
49,6,12.95
6,50,13.68
50,6,13.68
6,51,11.90
51,6,11.90
6,52,9.35
52,6,9.35
6,53,9.58
53,6,9.58
6,54,10.67
54,6,10.67
6,55,15.43
55,6,15.43
6,56,15.99
56,6,15.99
6,57,18.06
57,6,18.06
6,58,21.89
58,6,21.89
6,59,19.07
59,6,19.07
6,60,34.85
60,6,34.85
6,61,24.01
61,6,24.01
6,62,28.33
62,6,28.33
6,63,25.87
63,6,25.87
6,64,22.53
64,6,22.53
6,65,26.76
65,6,26.76
6,66,13.27
66,6,13.27
6,67,12.06
67,6,12.06
6,68,15.15
68,6,15.15
6,69,13.44
69,6,13.44
6,70,24.31
70,6,24.31
6,71,13.76
71,6,13.76
6,72,11.86
72,6,11.86
6,73,11.54
73,6,11.54
6,74,15.87
74,6,15.87
6,75,14.46
75,6,14.46
6,76,21.12
76,6,21.12
6,77,25.70
77,6,25.70
6,78,15.89
78,6,15.89
6,79,17.62
79,6,17.62
6,80,17.49
80,6,17.49
6,81,16.97
81,6,16.97
7,8,0.80
8,7,0.80
7,9,2.72
9,7,2.72
7,10,3.11
10,7,3.11
7,11,2.10
11,7,2.10
7,12,3.10
12,7,3.10
7,13,3.40
13,7,3.40
7,14,2.22
14,7,2.22
7,15,2.80
15,7,2.80
7,16,2.81
16,7,2.81
7,17,1.02
17,7,1.02
7,18,2.18
18,7,2.18
7,19,4.39
19,7,4.39
7,20,7.71
20,7,7.71
7,21,6.41
21,7,6.41
7,22,4.27
22,7,4.27
7,23,5.46
23,7,5.46
7,24,5.93
24,7,5.93
7,25,11.32
25,7,11.32
7,26,5.01
26,7,5.01
7,27,5.88
27,7,5.88
7,28,5.08
28,7,5.08
7,29,5.20
29,7,5.20
7,30,6.02
30,7,6.02
7,31,4.70
31,7,4.70
7,32,5.77
32,7,5.77
7,33,8.04
33,7,8.04
7,34,12.12
34,7,12.12
7,35,8.73
35,7,8.73
7,36,9.24
36,7,9.24
7,37,8.74
37,7,8.74
7,38,6.12
38,7,6.12
7,39,5.33
39,7,5.33
7,40,4.89
40,7,4.89
7,41,8.23
41,7,8.23
7,42,9.63
42,7,9.63
7,43,6.91
43,7,6.91
7,44,10.05
44,7,10.05
7,45,9.10
45,7,9.10
7,46,8.49
46,7,8.49
7,47,10.20
47,7,10.20
7,48,9.32
48,7,9.32
7,49,8.57
49,7,8.57
7,50,10.70
50,7,10.70
7,51,8.86
51,7,8.86
7,52,6.31
52,7,6.31
7,53,6.54
53,7,6.54
7,54,7.69
54,7,7.69
7,55,11.16
55,7,11.16
7,56,12.95
56,7,12.95
7,57,13.68
57,7,13.68
7,58,17.51
58,7,17.51
7,59,14.69
59,7,14.69
7,60,29.43
60,7,29.43
7,61,21.58
61,7,21.58
7,62,22.23
62,7,22.23
7,63,19.89
63,7,19.89
7,64,22.27
64,7,22.27
7,65,20.72
65,7,20.72
7,66,9.85
66,7,9.85
7,67,8.02
67,7,8.02
7,68,9.57
68,7,9.57
7,69,11.28
69,7,11.28
7,70,17.39
70,7,17.39
7,71,10.78
71,7,10.78
7,72,14.17
72,7,14.17
7,73,13.85
73,7,13.85
7,74,20.18
74,7,20.18
7,75,16.77
75,7,16.77
7,76,20.29
76,7,20.29
7,77,25.75
77,7,25.75
7,78,16.66
78,7,16.66
7,79,18.37
79,7,18.37
7,80,18.24
80,7,18.24
7,81,17.72
81,7,17.72
8,9,3.52
9,8,3.52
8,10,3.91
10,8,3.91
8,11,2.91
11,8,2.91
8,12,3.90
12,8,3.90
8,13,4.20
13,8,4.20
8,14,3.02
14,8,3.02
8,15,3.60
15,8,3.60
8,16,3.61
16,8,3.61
8,17,1.82
17,8,1.82
8,18,2.98
18,8,2.98
8,19,5.20
19,8,5.20
8,20,8.51
20,8,8.51
8,21,7.21
21,8,7.21
8,22,5.08
22,8,5.08
8,23,6.26
23,8,6.26
8,24,6.73
24,8,6.73
8,25,12.12
25,8,12.12
8,26,5.81
26,8,5.81
8,27,6.68
27,8,6.68
8,28,5.88
28,8,5.88
8,29,6.00
29,8,6.00
8,30,6.82
30,8,6.82
8,31,5.38
31,8,5.38
8,32,6.57
32,8,6.57
8,33,8.72
33,8,8.72
8,34,12.92
34,8,12.92
8,35,9.45
35,8,9.45
8,36,9.96
36,8,9.96
8,37,9.47
37,8,9.47
8,38,6.10
38,8,6.10
8,39,5.32
39,8,5.32
8,40,4.87
40,8,4.87
8,41,8.21
41,8,8.21
8,42,9.61
42,8,9.61
8,43,6.90
43,8,6.90
8,44,10.03
44,8,10.03
8,45,9.09
45,8,9.09
8,46,8.47
46,8,8.47
8,47,10.19
47,8,10.19
8,48,9.31
48,8,9.31
8,49,8.55
49,8,8.55
8,50,10.68
50,8,10.68
8,51,8.85
51,8,8.85
8,52,6.29
52,8,6.29
8,53,6.52
53,8,6.52
8,54,7.67
54,8,7.67
8,55,11.15
55,8,11.15
8,56,12.93
56,8,12.93
8,57,13.67
57,8,13.67
8,58,17.49
58,8,17.49
8,59,14.68
59,8,14.68
8,60,29.41
60,8,29.41
8,61,21.56
61,8,21.56
8,62,22.22
62,8,22.22
8,63,19.87
63,8,19.87
8,64,22.25
64,8,22.25
8,65,20.71
65,8,20.71
8,66,10.53
66,8,10.53
8,67,8.82
67,8,8.82
8,68,10.37
68,8,10.37
8,69,12.08
69,8,12.08
8,70,18.19
70,8,18.19
8,71,11.58
71,8,11.58
8,72,14.97
72,8,14.97
8,73,14.65
73,8,14.65
8,74,20.98
74,8,20.98
8,75,17.58
75,8,17.58
8,76,21.09
76,8,21.09
8,77,26.55
77,8,26.55
8,78,17.46
78,8,17.46
8,79,19.17
79,8,19.17
8,80,18.32
80,8,18.32
8,81,18.52
81,8,18.52
9,10,0.71
10,9,0.71
9,11,1.20
11,9,1.20
9,12,0.96
12,9,0.96
9,13,4.13
13,9,4.13
9,14,2.95
14,9,2.95
9,15,2.91
15,9,2.91
9,16,5.76
16,9,5.76
9,17,5.00
17,9,5.00
9,18,4.38
18,9,4.38
9,19,6.59
19,9,6.59
9,20,9.81
20,9,9.81
9,21,7.07
21,9,7.07
9,22,6.93
22,9,6.93
9,23,6.75
23,9,6.75
9,24,7.22
24,9,7.22
9,25,11.21
25,9,11.21
9,26,3.68
26,9,3.68
9,27,2.68
27,9,2.68
9,28,2.73
28,9,2.73
9,29,2.90
29,9,2.90
9,30,3.67
30,9,3.67
9,31,4.12
31,9,4.12
9,32,3.47
32,9,3.47
9,33,4.33
33,9,4.33
9,34,8.86
34,9,8.86
9,35,5.01
35,9,5.01
9,36,5.52
36,9,5.52
9,37,5.03
37,9,5.03
9,38,5.62
38,9,5.62
9,39,4.83
39,9,4.83
9,40,4.39
40,9,4.39
9,41,7.73
41,9,7.73
9,42,7.04
42,9,7.04
9,43,6.41
43,9,6.41
9,44,9.55
44,9,9.55
9,45,8.60
45,9,8.60
9,46,7.99
46,9,7.99
9,47,8.17
47,9,8.17
9,48,8.82
48,9,8.82
9,49,8.07
49,9,8.07
9,50,8.66
50,9,8.66
9,51,6.83
51,9,6.83
9,52,6.33
52,9,6.33
9,53,6.56
53,9,6.56
9,54,6.70
54,9,6.70
9,55,10.66
55,9,10.66
9,56,12.45
56,9,12.45
9,57,13.18
57,9,13.18
9,58,17.01
58,9,17.01
9,59,14.19
59,9,14.19
9,60,29.12
60,9,29.12
9,61,17.13
61,9,17.13
9,62,21.73
62,9,21.73
9,63,19.58
63,9,19.58
9,64,16.81
64,9,16.81
9,65,20.42
65,9,20.42
9,66,6.13
66,9,6.13
9,67,5.73
67,9,5.73
9,68,7.28
68,9,7.28
9,69,11.27
69,9,11.27
9,70,15.10
70,9,15.10
9,71,7.53
71,9,7.53
9,72,14.51
72,9,14.51
9,73,14.15
73,9,14.15
9,74,23.65
74,9,23.65
9,75,17.39
75,9,17.39
9,76,19.07
76,9,19.07
9,77,15.32
77,9,15.32
9,78,13.44
78,9,13.44
9,79,15.12
79,9,15.12
9,80,14.99
80,9,14.99
9,81,14.47
81,9,14.47
10,11,1.34
11,10,1.34
10,12,1.50
12,10,1.50
10,13,4.28
13,10,4.28
10,14,3.10
14,10,3.10
10,15,3.05
15,10,3.05
10,16,5.91
16,10,5.91
10,17,5.14
17,10,5.14
10,18,4.53
18,10,4.53
10,19,6.73
19,10,6.73
10,20,9.77
20,10,9.77
10,21,7.17
21,10,7.17
10,22,7.07
22,10,7.07
10,23,6.85
23,10,6.85
10,24,7.32
24,10,7.32
10,25,11.79
25,10,11.79
10,26,3.78
26,10,3.78
10,27,2.30
27,10,2.30
10,28,2.40
28,10,2.40
10,29,2.58
29,10,2.58
10,30,3.34
30,10,3.34
10,31,3.80
31,10,3.80
10,32,3.15
32,10,3.15
10,33,4.00
33,10,4.00
10,34,8.54
34,10,8.54
10,35,4.69
35,10,4.69
10,36,5.20
36,10,5.20
10,37,4.71
37,10,4.71
10,38,5.76
38,10,5.76
10,39,5.64
39,10,5.64
10,40,4.53
40,10,4.53
10,41,11.23
41,10,11.23
10,42,6.71
42,10,6.71
10,43,6.59
43,10,6.59
10,44,8.79
44,10,8.79
10,45,9.09
45,10,9.09
10,46,8.13
46,10,8.13
10,47,8.31
47,10,8.31
10,48,8.97
48,10,8.97
10,49,8.21
49,10,8.21
10,50,8.81
50,10,8.81
10,51,6.97
51,10,6.97
10,52,6.48
52,10,6.48
10,53,6.71
53,10,6.71
10,54,6.85
54,10,6.85
10,55,10.81
55,10,10.81
10,56,12.59
56,10,12.59
10,57,13.33
57,10,13.33
10,58,17.15
58,10,17.15
10,59,14.34
59,10,14.34
10,60,28.80
60,10,28.80
10,61,16.80
61,10,16.80
10,62,13.92
62,10,13.92
10,63,19.26
63,10,19.26
10,64,16.48
64,10,16.48
10,65,20.09
65,10,20.09
10,66,5.81
66,10,5.81
10,67,5.40
67,10,5.40
10,68,6.95
68,10,6.95
10,69,10.95
69,10,10.95
10,70,14.77
70,10,14.77
10,71,7.20
71,10,7.20
10,72,15.08
72,10,15.08
10,73,14.73
73,10,14.73
10,74,23.75
74,10,23.75
10,75,17.97
75,10,17.97
10,76,19.38
76,10,19.38
10,77,14.90
77,10,14.90
10,78,13.07
78,10,13.07
10,79,14.79
79,10,14.79
10,80,14.67
80,10,14.67
10,81,14.14
81,10,14.14
11,12,1.47
12,11,1.47
11,13,3.40
13,11,3.40
11,14,2.29
14,11,2.29
11,15,2.17
15,11,2.17
11,16,4.51
16,11,4.51
11,17,3.16
17,11,3.16
11,18,3.72
18,11,3.72
11,19,5.98
19,11,5.98
11,20,9.08
20,11,9.08
11,21,6.70
21,11,6.70
11,22,6.19
22,11,6.19
11,23,6.12
23,11,6.12
11,24,4.90
24,11,4.90
11,25,10.67
25,11,10.67
11,26,3.05
26,11,3.05
11,27,4.26
27,11,4.26
11,28,3.56
28,11,3.56
11,29,3.73
29,11,3.73
11,30,4.50
30,11,4.50
11,31,5.28
31,11,5.28
11,32,4.30
32,11,4.30
11,33,5.15
33,11,5.15
11,34,10.49
34,11,10.49
11,35,5.84
35,11,5.84
11,36,6.35
36,11,6.35
11,37,5.86
37,11,5.86
11,38,5.53
38,11,5.53
11,39,6.41
39,11,6.41
11,40,4.30
40,11,4.30
11,41,7.64
41,11,7.64
11,42,10.65
42,11,10.65
11,43,8.04
43,11,8.04
11,44,11.18
44,11,11.18
11,45,10.23
45,11,10.23
11,46,7.90
46,11,7.90
11,47,9.24
47,11,9.24
11,48,8.36
48,11,8.36
11,49,7.98
49,11,7.98
11,50,9.73
50,11,9.73
11,51,7.90
51,11,7.90
11,52,7.44
52,11,7.44
11,53,6.59
53,11,6.59
11,54,7.81
54,11,7.81
11,55,10.20
55,11,10.20
11,56,11.98
56,11,11.98
11,57,13.09
57,11,13.09
11,58,16.92
58,11,16.92
11,59,14.10
59,11,14.10
11,60,30.50
60,11,30.50
11,61,17.96
61,11,17.96
11,62,23.31
62,11,23.31
11,63,20.91
63,11,20.91
11,64,23.34
64,11,23.34
11,65,21.74
65,11,21.74
11,66,6.96
66,11,6.96
11,67,6.55
67,11,6.55
11,68,8.11
68,11,8.11
11,69,9.81
69,11,9.81
11,70,15.92
70,11,15.92
11,71,9.16
71,11,9.16
11,72,13.96
72,11,13.96
11,73,13.61
73,11,13.61
11,74,21.36
74,11,21.36
11,75,16.85
75,11,16.85
11,76,18.49
76,11,18.49
11,77,24.43
77,11,24.43
11,78,15.02
78,11,15.02
11,79,16.74
79,11,16.74
11,80,16.63
80,11,16.63
11,81,16.10
81,11,16.10
12,13,3.23
13,12,3.23
12,14,3.47
14,12,3.47
12,15,2.04
15,12,2.04
12,16,5.11
16,12,5.11
12,17,4.34
17,12,4.34
12,18,4.90
18,12,4.90
12,19,5.93
19,12,5.93
12,20,8.91
20,12,8.91
12,21,6.30
21,12,6.30
12,22,6.02
22,12,6.02
12,23,6.01
23,12,6.01
12,24,6.45
24,12,6.45
12,25,10.56
25,12,10.56
12,26,2.87
26,12,2.87
12,27,2.33
27,12,2.33
12,28,3.04
28,12,3.04
12,29,3.21
29,12,3.21
12,30,3.98
30,12,3.98
12,31,4.39
31,12,4.39
12,32,3.79
32,12,3.79
12,33,4.64
33,12,4.64
12,34,8.57
34,12,8.57
12,35,5.33
35,12,5.33
12,36,5.84
36,12,5.84
12,37,5.34
37,12,5.34
12,38,8.73
38,12,8.73
12,39,6.23
39,12,6.23
12,40,6.09
40,12,6.09
12,41,11.82
41,12,11.82
12,42,7.31
42,12,7.31
12,43,7.19
43,12,7.19
12,44,9.40
44,12,9.40
12,45,9.68
45,12,9.68
12,46,9.76
46,12,9.76
12,47,11.28
47,12,11.28
12,48,10.69
48,12,10.69
12,49,10.62
49,12,10.62
12,50,11.90
50,12,11.90
12,51,9.94
51,12,9.94
12,52,7.43
52,12,7.43
12,53,6.49
53,12,6.49
12,54,7.93
54,12,7.93
12,55,14.03
55,12,14.03
12,56,14.18
56,12,14.18
12,57,16.34
57,12,16.34
12,58,16.66
58,12,16.66
12,59,13.87
59,12,13.87
12,60,29.44
60,12,29.44
12,61,17.44
61,12,17.44
12,62,14.52
62,12,14.52
12,63,19.90
63,12,19.90
12,64,17.08
64,12,17.08
12,65,20.73
65,12,20.73
12,66,6.45
66,12,6.45
12,67,6.04
67,12,6.04
12,68,7.59
68,12,7.59
12,69,10.98
69,12,10.98
12,70,15.41
70,12,15.41
12,71,7.24
71,12,7.24
12,72,13.86
72,12,13.86
12,73,13.51
73,12,13.51
12,74,22.92
74,12,22.92
12,75,16.75
75,12,16.75
12,76,18.39
76,12,18.39
12,77,23.22
77,12,23.22
12,78,13.10
78,12,13.10
12,79,14.82
79,12,14.82
12,80,14.70
80,12,14.70
12,81,14.18
81,12,14.18
13,14,3.39
14,13,3.39
13,15,2.03
15,13,2.03
13,16,2.50
16,13,2.50
13,17,2.57
17,13,2.57
13,18,3.46
18,13,3.46
13,19,2.15
19,13,2.15
13,20,5.68
20,13,5.68
13,21,2.51
21,13,2.51
13,22,2.79
22,13,2.79
13,23,2.19
23,13,2.19
13,24,2.66
24,13,2.66
13,25,7.11
25,13,7.11
13,26,2.24
26,13,2.24
13,27,4.00
27,13,4.00
13,28,5.41
28,13,5.41
13,29,5.58
29,13,5.58
13,30,7.25
30,13,7.25
13,31,6.80
31,13,6.80
13,32,6.39
32,13,6.39
13,33,7.01
33,13,7.01
13,34,8.97
34,13,8.97
13,35,7.70
35,13,7.70
13,36,8.21
36,13,8.21
13,37,7.71
37,13,7.71
13,38,11.57
38,13,11.57
13,39,9.07
39,13,9.07
13,40,8.93
40,13,8.93
13,41,14.67
41,13,14.67
13,42,9.72
42,13,9.72
13,43,10.03
43,13,10.03
13,44,11.81
44,13,11.81
13,45,12.53
45,13,12.53
13,46,12.61
46,13,12.61
13,47,14.25
47,13,14.25
13,48,13.54
48,13,13.54
13,49,13.47
49,13,13.47
13,50,14.74
50,13,14.74
13,51,12.91
51,13,12.91
13,52,10.59
52,13,10.59
13,53,10.82
53,13,10.82
13,54,12.15
54,13,12.15
13,55,16.88
55,13,16.88
13,56,17.03
56,13,17.03
13,57,19.18
57,13,19.18
13,58,19.51
58,13,19.51
13,59,16.72
59,13,16.72
13,60,31.81
60,13,31.81
13,61,24.86
61,13,24.86
13,62,16.93
62,13,16.93
13,63,22.27
63,13,22.27
13,64,19.49
64,13,19.49
13,65,23.10
65,13,23.10
13,66,9.05
66,13,9.05
13,67,9.00
67,13,9.00
13,68,13.41
68,13,13.41
13,69,10.74
69,13,10.74
13,70,21.25
70,13,21.25
13,71,11.06
71,13,11.06
13,72,10.00
72,13,10.00
13,73,9.68
73,13,9.68
13,74,19.10
74,13,19.10
13,75,12.89
75,13,12.89
13,76,16.92
76,13,16.92
13,77,23.01
77,13,23.01
13,78,13.19
78,13,13.19
13,79,14.91
79,13,14.91
13,80,14.79
80,13,14.79
13,81,14.27
81,13,14.27
14,15,3.00
15,14,3.00
14,16,3.96
16,14,3.96
14,17,2.62
17,14,2.62
14,18,3.47
18,14,3.47
14,19,4.79
19,14,4.79
14,20,9.89
20,14,9.89
14,21,7.78
21,14,7.78
14,22,7.01
22,14,7.01
14,23,7.27
23,14,7.27
14,24,5.98
24,14,5.98
14,25,10.36
25,14,10.36
14,26,4.18
26,14,4.18
14,27,5.87
27,14,5.87
14,28,6.40
28,14,6.40
14,29,6.57
29,14,6.57
14,30,7.34
30,14,7.34
14,31,7.20
31,14,7.20
14,32,7.15
32,14,7.15
14,33,7.45
33,14,7.45
14,34,12.10
34,14,12.10
14,35,8.14
35,14,8.14
14,36,8.65
36,14,8.65
14,37,8.15
37,14,8.15
14,38,7.06
38,14,7.06
14,39,8.03
39,14,8.03
14,40,5.83
40,14,5.83
14,41,9.05
41,14,9.05
14,42,12.32
42,14,12.32
14,43,9.58
43,14,9.58
14,44,12.71
44,14,12.71
14,45,11.77
45,14,11.77
14,46,9.31
46,14,9.31
14,47,11.02
47,14,11.02
14,48,10.14
48,14,10.14
14,49,9.38
49,14,9.38
14,50,11.51
50,14,11.51
14,51,9.68
51,14,9.68
14,52,7.13
52,14,7.13
14,53,7.36
53,14,7.36
14,54,8.51
54,14,8.51
14,55,11.98
55,14,11.98
14,56,13.77
56,14,13.77
14,57,14.50
57,14,14.50
14,58,18.32
58,14,18.32
14,59,15.51
59,14,15.51
14,60,32.12
60,14,32.12
14,61,20.80
61,14,20.80
14,62,24.93
62,14,24.93
14,63,22.57
63,14,22.57
14,64,24.96
64,14,24.96
14,65,23.40
65,14,23.40
14,66,10.06
66,14,10.06
14,67,9.57
67,14,9.57
14,68,11.12
68,14,11.12
14,69,12.22
69,14,12.22
14,70,18.94
70,14,18.94
14,71,10.77
71,14,10.77
14,72,12.52
72,14,12.52
14,73,12.20
73,14,12.20
14,74,22.05
74,14,22.05
14,75,15.12
75,14,15.12
14,76,19.36
76,14,19.36
14,77,25.16
77,14,25.16
14,78,16.63
78,14,16.63
14,79,18.36
79,14,18.36
14,80,18.23
80,14,18.23
14,81,17.71
81,14,17.71
15,16,3.07
16,15,3.07
15,17,3.00
17,15,3.00
15,18,4.03
18,15,4.03
15,19,3.44
19,15,3.44
15,20,7.25
20,15,7.25
15,21,4.76
21,15,4.76
15,22,4.37
22,15,4.37
15,23,4.24
23,15,4.24
15,24,2.95
24,15,2.95
15,25,7.71
25,15,7.71
15,26,2.20
26,15,2.20
15,27,3.96
27,15,3.96
15,28,5.37
28,15,5.37
15,29,5.54
29,15,5.54
15,30,7.21
30,15,7.21
15,31,6.76
31,15,6.76
15,32,6.35
32,15,6.35
15,33,6.97
33,15,6.97
15,34,8.89
34,15,8.89
15,35,7.66
35,15,7.66
15,36,8.17
36,15,8.17
15,37,7.67
37,15,7.67
15,38,11.53
38,15,11.53
15,39,9.03
39,15,9.03
15,40,8.89
40,15,8.89
15,41,14.63
41,15,14.63
15,42,9.68
42,15,9.68
15,43,9.99
43,15,9.99
15,44,11.77
44,15,11.77
15,45,12.49
45,15,12.49
15,46,12.57
46,15,12.57
15,47,14.21
47,15,14.21
15,48,13.50
48,15,13.50
15,49,13.43
49,15,13.43
15,50,14.70
50,15,14.70
15,51,12.87
51,15,12.87
15,52,11.04
52,15,11.04
15,53,11.27
53,15,11.27
15,54,15.37
54,15,15.37
15,55,16.84
55,15,16.84
15,56,16.99
56,15,16.99
15,57,19.15
57,15,19.15
15,58,19.47
58,15,19.47
15,59,16.68
59,15,16.68
15,60,31.77
60,15,31.77
15,61,24.82
61,15,24.82
15,62,16.89
62,15,16.89
15,63,22.23
63,15,22.23
15,64,19.45
64,15,19.45
15,65,23.06
65,15,23.06
15,66,9.01
66,15,9.01
15,67,8.96
67,15,8.96
15,68,13.37
68,15,13.37
15,69,11.22
69,15,11.22
15,70,21.74
70,15,21.74
15,71,10.98
71,15,10.98
15,72,9.49
72,15,9.49
15,73,9.17
73,15,9.17
15,74,19.41
74,15,19.41
15,75,12.09
75,15,12.09
15,76,16.33
76,15,16.33
15,77,22.94
77,15,22.94
15,78,13.11
78,15,13.11
15,79,14.84
79,15,14.84
15,80,14.71
80,15,14.71
15,81,14.19
81,15,14.19
16,17,1.64
17,16,1.64
16,18,0.96
18,16,0.96
16,19,0.96
19,16,0.96
16,20,5.34
20,16,5.34
16,21,5.43
21,16,5.43
16,22,3.29
22,16,3.29
16,23,4.48
23,16,4.48
16,24,4.95
24,16,4.95
16,25,10.34
25,16,10.34
16,26,4.42
26,16,4.42
16,27,6.42
27,16,6.42
16,28,8.03
28,16,8.03
16,29,8.20
29,16,8.20
16,30,8.64
30,16,8.64
16,31,8.82
31,16,8.82
16,32,8.77
32,16,8.77
16,33,9.07
33,16,9.07
16,34,11.20
34,16,11.20
16,35,9.76
35,16,9.76
16,36,10.27
36,16,10.27
16,37,9.78
37,16,9.78
16,38,8.91
38,16,8.91
16,39,9.87
39,16,9.87
16,40,7.68
40,16,7.68
16,41,11.02
41,16,11.02
16,42,11.46
42,16,11.46
16,43,11.42
43,16,11.42
16,44,14.56
44,16,14.56
16,45,13.61
45,16,13.61
16,46,11.28
46,16,11.28
16,47,12.88
47,16,12.88
16,48,12.00
48,16,12.00
16,49,11.36
49,16,11.36
16,50,13.38
50,16,13.38
16,51,11.54
51,16,11.54
16,52,8.45
52,16,8.45
16,53,8.67
53,16,8.67
16,54,9.83
54,16,9.83
16,55,13.84
55,16,13.84
16,56,15.63
56,16,15.63
16,57,16.47
57,16,16.47
16,58,20.30
58,16,20.30
16,59,17.48
59,16,17.48
16,60,33.26
60,16,33.26
16,61,22.42
61,16,22.42
16,62,26.74
62,16,26.74
16,63,24.28
63,16,24.28
16,64,20.94
64,16,20.94
16,65,25.17
65,16,25.17
16,66,11.68
66,16,11.68
16,67,10.35
67,16,10.35
16,68,13.43
68,16,13.43
16,69,14.28
69,16,14.28
16,70,21.36
70,16,21.36
16,71,13.30
71,16,13.30
16,72,12.83
72,16,12.83
16,73,12.59
73,16,12.59
16,74,17.91
74,16,17.91
16,75,15.43
75,16,15.43
16,76,22.18
76,16,22.18
16,77,24.33
77,16,24.33
16,78,15.63
78,16,15.63
16,79,17.36
79,16,17.36
16,80,17.23
80,16,17.23
16,81,16.71
81,16,16.71
17,18,1.35
18,17,1.35
17,19,2.17
19,17,2.17
17,20,6.36
20,17,6.36
17,21,5.39
21,17,5.39
17,22,3.25
22,17,3.25
17,23,4.43
23,17,4.43
17,24,4.91
24,17,4.91
17,25,10.30
25,17,10.30
17,26,5.61
26,17,5.61
17,27,4.22
27,17,4.22
17,28,6.98
28,17,6.98
17,29,7.15
29,17,7.15
17,30,7.59
30,17,7.59
17,31,7.77
31,17,7.77
17,32,7.72
32,17,7.72
17,33,8.02
33,17,8.02
17,34,9.71
34,17,9.71
17,35,8.71
35,17,8.71
17,36,9.22
36,17,9.22
17,37,8.73
37,17,8.73
17,38,7.86
38,17,7.86
17,39,8.82
39,17,8.82
17,40,6.63
40,17,6.63
17,41,9.97
41,17,9.97
17,42,10.41
42,17,10.41
17,43,10.37
43,17,10.37
17,44,13.51
44,17,13.51
17,45,12.56
45,17,12.56
17,46,10.23
46,17,10.23
17,47,11.83
47,17,11.83
17,48,10.95
48,17,10.95
17,49,10.31
49,17,10.31
17,50,12.33
50,17,12.33
17,51,10.49
51,17,10.49
17,52,7.28
52,17,7.28
17,53,7.51
53,17,7.51
17,54,8.66
54,17,8.66
17,55,12.79
55,17,12.79
17,56,14.58
56,17,14.58
17,57,15.42
57,17,15.42
17,58,19.25
58,17,19.25
17,59,16.43
59,17,16.43
17,60,32.21
60,17,32.21
17,61,21.37
61,17,21.37
17,62,25.72
62,17,25.72
17,63,23.28
63,17,23.28
17,64,19.89
64,17,19.89
17,65,24.11
65,17,24.11
17,66,10.63
66,17,10.63
17,67,8.14
67,17,8.14
17,68,11.23
68,17,11.23
17,69,12.08
69,17,12.08
17,70,19.16
70,17,19.16
17,71,8.38
71,17,8.38
17,72,13.15
72,17,13.15
17,73,12.83
73,17,12.83
17,74,19.16
74,17,19.16
17,75,15.75
75,17,15.75
17,76,19.27
76,17,19.27
17,77,24.83
77,17,24.83
17,78,11.58
78,17,11.58
17,79,13.59
79,17,13.59
17,80,13.08
80,17,13.08
17,81,12.66
81,17,12.66
18,19,1.92
19,18,1.92
18,20,6.30
20,18,6.30
18,21,6.39
21,18,6.39
18,22,4.26
22,18,4.26
18,23,5.45
23,18,5.45
18,24,5.93
24,18,5.93
18,25,11.30
25,18,11.30
18,26,7.01
26,18,7.01
18,27,5.62
27,18,5.62
18,28,8.25
28,18,8.25
18,29,8.42
29,18,8.42
18,30,8.86
30,18,8.86
18,31,9.16
31,18,9.16
18,32,8.99
32,18,8.99
18,33,9.42
33,18,9.42
18,34,11.11
34,18,11.11
18,35,10.11
35,18,10.11
18,36,10.62
36,18,10.62
18,37,10.12
37,18,10.12
18,38,9.25
38,18,9.25
18,39,10.22
39,18,10.22
18,40,8.02
40,18,8.02
18,41,11.36
41,18,11.36
18,42,11.80
42,18,11.80
18,43,11.76
43,18,11.76
18,44,14.90
44,18,14.90
18,45,13.96
45,18,13.96
18,46,11.62
46,18,11.62
18,47,12.00
47,18,12.00
18,48,12.35
48,18,12.35
18,49,11.70
49,18,11.70
18,50,12.49
50,18,12.49
18,51,10.66
51,18,10.66
18,52,8.10
52,18,8.10
18,53,8.33
53,18,8.33
18,54,9.49
54,18,9.49
18,55,14.19
55,18,14.19
18,56,14.74
56,18,14.74
18,57,16.82
57,18,16.82
18,58,20.64
58,18,20.64
18,59,17.83
59,18,17.83
18,60,33.60
60,18,33.60
18,61,22.77
61,18,22.77
18,62,27.09
62,18,27.09
18,63,24.63
63,18,24.63
18,64,21.29
64,18,21.29
18,65,25.51
65,18,25.51
18,66,12.02
66,18,12.02
18,67,9.41
67,18,9.41
18,68,12.50
68,18,12.50
18,69,13.48
69,18,13.48
18,70,20.43
70,18,20.43
18,71,9.78
71,18,9.78
18,72,13.79
72,18,13.79
18,73,13.55
73,18,13.55
18,74,18.87
74,18,18.87
18,75,16.39
75,18,16.39
18,76,23.14
76,18,23.14
18,77,25.10
77,18,25.10
18,78,12.98
78,18,12.98
18,79,15.00
79,18,15.00
18,80,14.48
80,18,14.48
18,81,14.06
81,18,14.06
19,20,4.93
20,19,4.93
19,21,4.72
21,19,4.72
19,22,2.93
22,19,2.93
19,23,5.47
23,19,5.47
19,24,4.99
24,19,4.99
19,25,10.70
25,19,10.70
19,26,4.45
26,19,4.45
19,27,6.21
27,19,6.21
19,28,7.62
28,19,7.62
19,29,7.79
29,19,7.79
19,30,8.79
30,19,8.79
19,31,8.96
31,19,8.96
19,32,8.59
32,19,8.59
19,33,9.22
33,19,9.22
19,34,10.82
34,19,10.82
19,35,9.90
35,19,9.90
19,36,10.42
36,19,10.42
19,37,9.92
37,19,9.92
19,38,10.13
38,19,10.13
19,39,10.63
39,19,10.63
19,40,9.02
40,19,9.02
19,41,12.24
41,19,12.24
19,42,11.91
42,19,11.91
19,43,11.59
43,19,11.59
19,44,13.45
44,19,13.45
19,45,13.33
45,19,13.33
19,46,12.50
46,19,12.50
19,47,14.11
47,19,14.11
19,48,13.22
48,19,13.22
19,49,12.58
49,19,12.58
19,50,14.60
50,19,14.60
19,51,12.76
51,19,12.76
19,52,9.40
52,19,9.40
19,53,9.63
53,19,9.63
19,54,10.78
54,19,10.78
19,55,15.06
55,19,15.06
19,56,16.85
56,19,16.85
19,57,17.70
57,19,17.70
19,58,21.52
58,19,21.52
19,59,18.71
59,19,18.71
19,60,34.04
60,19,34.04
19,61,27.07
61,19,27.07
19,62,19.53
62,19,19.53
19,63,24.50
63,19,24.50
19,64,21.72
64,19,21.72
19,65,25.33
65,19,25.33
19,66,11.25
66,19,11.25
19,67,11.21
67,19,11.21
19,68,14.30
68,19,14.30
19,69,12.59
69,19,12.59
19,70,23.46
70,19,23.46
19,71,12.91
71,19,12.91
19,72,12.26
72,19,12.26
19,73,12.03
73,19,12.03
19,74,17.50
74,19,17.50
19,75,14.86
75,19,14.86
19,76,21.61
76,19,21.61
19,77,24.65
77,19,24.65
19,78,15.27
78,19,15.27
19,79,16.99
79,19,16.99
19,80,16.86
80,19,16.86
19,81,16.34
81,19,16.34
20,21,6.88
21,20,6.88
20,22,5.07
22,20,5.07
20,23,7.63
23,20,7.63
20,24,7.12
24,20,7.12
20,25,7.98
25,20,7.98
20,26,7.90
26,20,7.90
20,27,9.66
27,20,9.66
20,28,11.07
28,20,11.07
20,29,11.24
29,20,11.24
20,30,12.24
30,20,12.24
20,31,12.37
31,20,12.37
20,32,12.04
32,20,12.04
20,33,12.67
33,20,12.67
20,34,14.09
34,20,14.09
20,35,13.35
35,20,13.35
20,36,13.87
36,20,13.87
20,37,13.37
37,20,13.37
20,38,17.15
38,20,17.15
20,39,14.64
39,20,14.64
20,40,14.50
40,20,14.50
20,41,20.24
41,20,20.24
20,42,15.29
42,20,15.29
20,43,15.60
43,20,15.60
20,44,17.38
44,20,17.38
20,45,18.10
45,20,18.10
20,46,18.18
46,20,18.18
20,47,19.82
47,20,19.82
20,48,19.11
48,20,19.11
20,49,19.04
49,20,19.04
20,50,20.31
50,20,20.31
20,51,18.48
51,20,18.48
20,52,15.90
52,20,15.90
20,53,15.01
53,20,15.01
20,54,17.85
54,20,17.85
20,55,22.45
55,20,22.45
20,56,22.60
56,20,22.60
20,57,24.76
57,20,24.76
20,58,25.08
58,20,25.08
20,59,22.29
59,20,22.29
20,60,37.38
60,20,37.38
20,61,30.52
61,20,30.52
20,62,22.50
62,20,22.50
20,63,27.84
63,20,27.84
20,64,25.06
64,20,25.06
20,65,28.67
65,20,28.67
20,66,14.70
66,20,14.70
20,67,14.52
67,20,14.52
20,68,17.60
68,20,17.60
20,69,16.42
69,20,16.42
20,70,25.62
70,20,25.62
20,71,16.11
71,20,16.11
20,72,9.37
72,20,9.37
20,73,9.05
73,20,9.05
20,74,13.38
74,20,13.38
20,75,11.97
75,20,11.97
20,76,18.63
76,20,18.63
20,77,23.21
77,20,23.21
20,78,23.17
78,20,23.17
20,79,22.76
79,20,22.76
20,80,22.25
80,20,22.25
20,81,24.25
81,20,24.25
21,22,2.13
22,21,2.13
21,23,1.07
23,21,1.07
21,24,1.55
24,21,1.55
21,25,6.37
25,21,6.37
21,26,3.87
26,21,3.87
21,27,6.19
27,21,6.19
21,28,11.73
28,21,11.73
21,29,10.47
29,21,10.47
21,30,10.06
30,21,10.06
21,31,10.31
31,21,10.31
21,32,10.12
32,21,10.12
21,33,11.75
33,21,11.75
21,34,8.52
34,21,8.52
21,35,13.32
35,21,13.32
21,36,13.10
36,21,13.10
21,37,13.34
37,21,13.34
21,38,14.48
38,21,14.48
21,39,11.79
39,21,11.79
21,40,10.98
40,21,10.98
21,41,17.35
41,21,17.35
21,42,14.31
42,21,14.31
21,43,12.71
43,21,12.71
21,44,14.59
44,21,14.59
21,45,14.47
45,21,14.47
21,46,15.28
46,21,15.28
21,47,18.58
47,21,18.58
21,48,16.25
48,21,16.25
21,49,15.56
49,21,15.56
21,50,17.09
50,21,17.09
21,51,18.43
51,21,18.43
21,52,11.83
52,21,11.83
21,53,10.94
53,21,10.94
21,54,12.26
54,21,12.26
21,55,18.82
55,21,18.82
21,56,19.45
56,21,19.45
21,57,22.43
57,21,22.43
21,58,22.76
58,21,22.76
21,59,19.94
59,21,19.94
21,60,30.41
60,21,30.41
21,61,23.56
61,21,23.56
21,62,21.93
62,21,21.93
21,63,18.08
63,21,18.08
21,64,21.14
64,21,21.14
21,65,18.87
65,21,18.87
21,66,10.77
66,21,10.77
21,67,8.94
67,21,8.94
21,68,12.03
68,21,12.03
21,69,10.85
69,21,10.85
21,70,20.04
70,21,20.04
21,71,10.53
71,21,10.53
21,72,8.63
72,21,8.63
21,73,8.31
73,21,8.31
21,74,17.72
74,21,17.72
21,75,11.23
75,21,11.23
21,76,15.26
76,21,15.26
21,77,21.23
77,21,21.23
21,78,14.83
78,21,14.83
21,79,17.18
79,21,17.18
21,80,16.67
80,21,16.67
21,81,15.90
81,21,15.90
22,23,3.05
23,22,3.05
22,24,2.99
24,22,2.99
22,25,6.51
25,22,6.51
22,26,3.77
26,22,3.77
22,27,5.53
27,22,5.53
22,28,6.94
28,22,6.94
22,29,7.11
29,22,7.11
22,30,8.11
30,22,8.11
22,31,8.24
31,22,8.24
22,32,7.91
32,22,7.91
22,33,8.54
33,22,8.54
22,34,9.96
34,22,9.96
22,35,9.22
35,22,9.22
22,36,9.73
36,22,9.73
22,37,9.24
37,22,9.24
22,38,13.01
38,22,13.01
22,39,10.51
39,22,10.51
22,40,10.37
40,22,10.37
22,41,16.11
41,22,16.11
22,42,11.16
42,22,11.16
22,43,11.47
43,22,11.47
22,44,13.25
44,22,13.25
22,45,13.97
45,22,13.97
22,46,14.05
46,22,14.05
22,47,15.69
47,22,15.69
22,48,14.98
48,22,14.98
22,49,14.91
49,22,14.91
22,50,16.18
50,22,16.18
22,51,14.35
51,22,14.35
22,52,11.64
52,22,11.64
22,53,10.75
53,22,10.75
22,54,13.59
54,22,13.59
22,55,18.32
55,22,18.32
22,56,18.47
56,22,18.47
22,57,20.63
57,22,20.63
22,58,20.95
58,22,20.95
22,59,18.16
59,22,18.16
22,60,33.25
60,22,33.25
22,61,26.39
61,22,26.39
22,62,18.37
62,22,18.37
22,63,23.71
63,22,23.71
22,64,20.93
64,22,20.93
22,65,24.54
65,22,24.54
22,66,10.57
66,22,10.57
22,67,10.39
67,22,10.39
22,68,13.47
68,22,13.47
22,69,12.29
69,22,12.29
22,70,21.49
70,22,21.49
22,71,11.98
71,22,11.98
22,72,9.18
72,22,9.18
22,73,8.86
73,22,8.86
22,74,17.43
74,22,17.43
22,75,11.72
75,22,11.72
22,76,15.75
76,22,15.75
22,77,21.79
77,22,21.79
22,78,18.59
78,22,18.59
22,79,18.63
79,22,18.63
22,80,18.12
80,22,18.12
22,81,19.67
81,22,19.67
23,24,2.82
24,23,2.82
23,25,4.93
25,23,4.93
23,26,5.15
26,23,5.15
23,27,6.40
27,23,6.40
23,28,11.94
28,23,11.94
23,29,10.68
29,23,10.68
23,30,10.27
30,23,10.27
23,31,11.59
31,23,11.59
23,32,10.34
32,23,10.34
23,33,11.96
33,23,11.96
23,34,10.03
34,23,10.03
23,35,13.53
35,23,13.53
23,36,13.31
36,23,13.31
23,37,13.55
37,23,13.55
23,38,15.76
38,23,15.76
23,39,13.06
39,23,13.06
23,40,12.26
40,23,12.26
23,41,18.63
41,23,18.63
23,42,14.52
42,23,14.52
23,43,13.99
43,23,13.99
23,44,14.81
44,23,14.81
23,45,14.69
45,23,14.69
23,46,16.56
46,23,16.56
23,47,19.86
47,23,19.86
23,48,17.53
48,23,17.53
23,49,16.84
49,23,16.84
23,50,18.36
50,23,18.36
23,51,19.70
51,23,19.70
23,52,13.11
52,23,13.11
23,53,12.22
53,23,12.22
23,54,13.54
54,23,13.54
23,55,20.09
55,23,20.09
23,56,20.73
56,23,20.73
23,57,22.65
57,23,22.65
23,58,22.97
58,23,22.97
23,59,20.15
59,23,20.15
23,60,30.62
60,23,30.62
23,61,24.01
61,23,24.01
23,62,22.14
62,23,22.14
23,63,18.29
63,23,18.29
23,64,21.35
64,23,21.35
23,65,19.08
65,23,19.08
23,66,10.98
66,23,10.98
23,67,9.39
67,23,9.39
23,68,12.48
68,23,12.48
23,69,12.36
69,23,12.36
23,70,21.56
70,23,21.56
23,71,12.05
71,23,12.05
23,72,6.71
72,23,6.71
23,73,6.39
73,23,6.39
23,74,16.63
74,23,16.63
23,75,9.31
75,23,9.31
23,76,13.55
76,23,13.55
23,77,20.16
77,23,20.16
23,78,16.96
78,23,16.96
23,79,18.61
79,23,18.61
23,80,18.09
80,23,18.09
23,81,18.04
81,23,18.04
24,25,6.46
25,24,6.46
24,26,3.27
26,24,3.27
24,27,5.16
27,24,5.16
24,28,9.46
28,24,9.46
24,29,8.33
29,24,8.33
24,30,8.15
30,24,8.15
24,31,8.05
31,24,8.05
24,32,8.22
32,24,8.22
24,33,9.46
33,24,9.46
24,34,9.01
34,24,9.01
24,35,11.19
35,24,11.19
24,36,10.96
36,24,10.96
24,37,11.20
37,24,11.20
24,38,12.39
38,24,12.39
24,39,9.89
39,24,9.89
24,40,9.67
40,24,9.67
24,41,15.49
41,24,15.49
24,42,12.42
42,24,12.42
24,43,10.85
43,24,10.85
24,44,13.96
44,24,13.96
24,45,13.35
45,24,13.35
24,46,13.42
46,24,13.42
24,47,15.44
47,24,15.44
24,48,14.35
48,24,14.35
24,49,14.28
49,24,14.28
24,50,15.93
50,24,15.93
24,51,14.09
51,24,14.09
24,52,11.39
52,24,11.39
24,53,10.50
53,24,10.50
24,54,13.34
54,24,13.34
24,55,17.70
55,24,17.70
24,56,17.84
56,24,17.84
24,57,20.00
57,24,20.00
24,58,20.33
58,24,20.33
24,59,17.53
59,24,17.53
24,60,32.95
60,24,32.95
24,61,26.80
61,24,26.80
24,62,20.03
62,24,20.03
24,63,19.14
63,24,19.14
24,64,22.20
64,24,22.20
24,65,24.25
65,24,24.25
24,66,11.82
66,24,11.82
24,67,9.44
67,24,9.44
24,68,12.52
68,24,12.52
24,69,11.34
69,24,11.34
24,70,20.54
70,24,20.54
24,71,11.03
71,24,11.03
24,72,8.24
72,24,8.24
24,73,7.92
73,24,7.92
24,74,18.21
74,24,18.21
24,75,10.84
75,24,10.84
24,76,15.08
76,24,15.08
24,77,21.72
77,24,21.72
24,78,15.32
78,24,15.32
24,79,17.68
79,24,17.68
24,80,17.17
80,24,17.17
24,81,16.40
81,24,16.40
25,26,6.55
26,25,6.55
25,27,14.96
27,25,14.96
25,28,12.96
28,25,12.96
25,29,12.50
29,25,12.50
25,30,11.65
30,25,11.65
25,31,12.98
31,25,12.98
25,32,15.10
32,25,15.10
25,33,14.27
33,25,14.27
25,34,9.59
34,25,9.59
25,35,15.99
35,25,15.99
25,36,15.77
36,25,15.77
25,37,16.01
37,25,16.01
25,38,17.15
38,25,17.15
25,39,14.46
39,25,14.46
25,40,13.65
40,25,13.65
25,41,20.02
41,25,20.02
25,42,16.83
42,25,16.83
25,43,15.38
43,25,15.38
25,44,18.37
44,25,18.37
25,45,18.25
45,25,18.25
25,46,17.96
46,25,17.96
25,47,21.25
47,25,21.25
25,48,18.92
48,25,18.92
25,49,18.24
49,25,18.24
25,50,19.76
50,25,19.76
25,51,21.10
51,25,21.10
25,52,14.50
52,25,14.50
25,53,13.61
53,25,13.61
25,54,14.94
54,25,14.94
25,55,21.49
55,25,21.49
25,56,22.13
56,25,22.13
25,57,26.21
57,25,26.21
25,58,26.53
58,25,26.53
25,59,23.72
59,25,23.72
25,60,34.47
60,25,34.47
25,61,25.92
61,25,25.92
25,62,29.30
62,25,29.30
25,63,27.22
63,25,27.22
25,64,27.13
64,25,27.13
25,65,25.63
65,25,25.63
25,66,14.42
66,25,14.42
25,67,10.77
67,25,10.77
25,68,13.38
68,25,13.38
25,69,13.99
69,25,13.99
25,70,20.94
70,25,20.94
25,71,11.91
71,25,11.91
25,72,5.96
72,25,5.96
25,73,5.65
73,25,5.65
25,74,12.81
74,25,12.81
25,75,8.57
75,25,8.57
25,76,12.80
76,25,12.80
25,77,18.84
77,25,18.84
25,78,13.85
78,25,13.85
25,79,15.75
79,25,15.75
25,80,15.62
80,25,15.62
25,81,14.96
81,25,14.96
26,27,1.80
27,26,1.80
26,28,2.69
28,26,2.69
26,29,2.90
29,26,2.90
26,30,2.81
30,26,2.81
26,31,2.92
31,26,2.92
26,32,3.66
32,26,3.66
26,33,4.23
33,26,4.23
26,34,4.28
34,26,4.28
26,35,5.20
35,26,5.20
26,36,5.05
36,26,5.05
26,37,5.30
37,26,5.30
26,38,4.90
38,26,4.90
26,39,4.17
39,26,4.17
26,40,3.76
40,26,3.76
26,41,6.66
41,26,6.66
26,42,6.45
42,26,6.45
26,43,5.35
43,26,5.35
26,44,7.55
44,26,7.55
26,45,7.47
45,26,7.47
26,46,7.45
46,26,7.45
26,47,7.51
47,26,7.51
26,48,7.78
48,26,7.78
26,49,7.39
49,26,7.39
26,50,7.85
50,26,7.85
26,51,7.05
51,26,7.05
26,52,3.63
52,26,3.63
26,53,3.55
53,26,3.55
26,54,6.09
54,26,6.09
26,55,9.52
55,26,9.52
26,56,10.22
56,26,10.22
26,57,12.30
57,26,12.30
26,58,12.18
58,26,12.18
26,59,11.27
59,26,11.27
26,60,19.00
60,26,19.00
26,61,13.63
61,26,13.63
26,62,11.94
62,26,11.94
26,63,11.06
63,26,11.06
26,64,13.72
64,26,13.72
26,65,12.66
65,26,12.66
26,66,5.28
66,26,5.28
26,67,4.73
67,26,4.73
26,68,6.09
68,26,6.09
26,69,6.66
69,26,6.66
26,70,10.86
70,26,10.86
26,71,4.82
71,26,4.82
26,72,8.64
72,26,8.64
26,73,8.40
73,26,8.40
26,74,14.47
74,26,14.47
26,75,10.37
75,26,10.37
26,76,12.87
76,26,12.87
26,77,10.42
77,26,10.42
26,78,8.54
78,26,8.54
26,79,7.95
79,26,7.95
26,80,8.46
80,26,8.46
26,81,8.53
81,26,8.53
27,28,5.72
28,27,5.72
27,29,4.59
29,27,4.59
27,30,4.41
30,27,4.41
27,31,5.33
31,27,5.33
27,32,4.48
32,27,4.48
27,33,5.72
33,27,5.72
27,34,7.42
34,27,7.42
27,35,7.44
35,27,7.44
27,36,7.22
36,27,7.22
27,37,7.46
37,27,7.46
27,38,9.50
38,27,9.50
27,39,7.00
39,27,7.00
27,40,6.52
40,27,6.52
27,41,12.59
41,27,12.59
27,42,8.28
42,27,8.28
27,43,7.95
43,27,7.95
27,44,9.82
44,27,9.82
27,45,9.70
45,27,9.70
27,46,10.53
46,27,10.53
27,47,13.60
47,27,13.60
27,48,11.46
48,27,11.46
27,49,10.81
49,27,10.81
27,50,12.10
50,27,12.10
27,51,13.44
51,27,13.44
27,52,8.06
52,27,8.06
27,53,8.29
53,27,8.29
27,54,9.73
54,27,9.73
27,55,14.06
55,27,14.06
27,56,14.70
56,27,14.70
